10 11 00 05
69 00 00 00
69 00 00 00
07 11 00 00
69 00 00 00
10 11 00 04
69 00 00 00
07 11 00 00
69 00 00 00
05 51 00 2b
10 11 00 05
69 00 00 00
69 00 00 00
07 11 00 00
69 00 00 00
10 11 00 04
07 11 00 00
69 00 00 00
07 11 00 00
06 45 00 00
10 11 00 05
69 00 00 00
69 00 00 00
07 11 00 00
69 00 00 00
10 11 00 04
69 00 00 00
07 11 00 00
69 00 00 00
05 51 00 2b
10 11 00 05
69 00 00 00
69 00 00 00
07 11 00 00
69 00 00 00
10 11 00 04
69 00 00 00
69 00 00 00
07 11 00 00
06 45 00 03
10 11 00 05
69 00 00 00
69 00 00 00
07 11 00 00
69 00 00 00
10 11 00 04
69 00 00 00
07 11 00 00
69 00 00 00
05 51 00 2b
10 11 00 05
69 00 00 00
69 00 00 00
07 11 00 00
69 00 00 00
10 11 00 04
07 11 00 00
69 00 00 00
07 11 00 00
06 45 00 00
10 11 00 05
69 00 00 00
69 00 00 00
07 11 00 00
69 00 00 00
10 11 00 04
69 00 00 00
07 11 00 00
69 00 00 00
05 51 00 2b
10 11 00 05
69 00 00 00
69 00 00 00
07 11 00 00
69 00 00 00
10 11 00 04
69 00 00 00
69 00 00 00
07 11 00 00
06 45 00 03
10 11 00 05
69 00 00 00
69 00 00 00
07 11 00 00
69 00 00 00
10 11 00 04
69 00 00 00
07 11 00 00
69 00 00 00
05 51 00 2b
10 11 00 05
69 00 00 00
69 00 00 00
07 11 00 00
69 00 00 00
10 11 00 04
07 11 00 00
69 00 00 00
07 11 00 00
06 45 00 00
10 11 00 05
69 00 00 00
69 00 00 00
07 11 00 00
69 00 00 00
10 11 00 04
69 00 00 00
07 11 00 00
69 00 00 00
05 51 00 2b
10 11 00 05
69 00 00 00
69 00 00 00
07 11 00 00
69 00 00 00
10 11 00 04
69 00 00 00
69 00 00 00
07 11 00 00
06 45 00 03
10 11 00 05
69 00 00 00
69 00 00 00
07 11 00 00
69 00 00 00
10 11 00 04
69 00 00 00
07 11 00 00
69 00 00 00
05 51 00 2b
10 11 00 05
69 00 00 00
69 00 00 00
07 11 00 00
69 00 00 00
10 11 00 04
07 11 00 00
69 00 00 00
07 11 00 00
06 45 00 00
10 11 00 05
69 00 00 00
69 00 00 00
07 11 00 00
69 00 00 00
10 11 00 04
69 00 00 00
07 11 00 00
69 00 00 00
05 51 00 2b
10 11 00 05
69 00 00 00
69 00 00 00
07 11 00 00
69 00 00 00
10 11 00 04
69 00 00 00
69 00 00 00
07 11 00 00
06 45 00 03
10 11 00 05
69 00 00 00
69 00 00 00
07 11 00 00
69 00 00 00
10 11 00 04
69 00 00 00
07 11 00 00
69 00 00 00
05 51 00 2b
10 11 00 05
69 00 00 00
69 00 00 00
07 11 00 00
69 00 00 00
10 11 00 04
07 11 00 00
69 00 00 00
07 11 00 00
06 45 00 00
10 11 00 05
69 00 00 00
69 00 00 00
07 11 00 00
69 00 00 00
10 11 00 04
69 00 00 00
07 11 00 00
69 00 00 00
05 51 00 2b
10 11 00 05
69 00 00 00
69 00 00 00
07 11 00 00
69 00 00 00
10 11 00 04
69 00 00 00
69 00 00 00
07 11 00 00
06 45 00 03
10 11 00 05
69 00 00 00
69 00 00 00
07 11 00 00
69 00 00 00
10 11 00 04
69 00 00 00
07 11 00 00
69 00 00 00
05 51 00 2b
10 11 00 05
69 00 00 00
69 00 00 00
07 11 00 00
69 00 00 00
10 11 00 04
07 11 00 00
69 00 00 00
07 11 00 00
06 45 00 00
10 11 00 05
69 00 00 00
69 00 00 00
07 11 00 00
69 00 00 00
10 11 00 04
69 00 00 00
07 11 00 00
69 00 00 00
05 51 00 2b
10 11 00 05
69 00 00 00
69 00 00 00
07 11 00 00
69 00 00 00
10 11 00 04
69 00 00 00
69 00 00 00
07 11 00 00
06 45 00 03
10 11 00 05
69 00 00 00
69 00 00 00
07 11 00 00
69 00 00 00
10 11 00 04
69 00 00 00
07 11 00 00
69 00 00 00
05 51 00 2b
11 11 00 F9
